1,9684,5.405040704848387
1,9090,4.768792033804438
1,9652,4.632419531074104
1,6850,4.548994179840801
1,9198,4.4407951717025425
1,6171,4.4060076280269085
1,8446,4.399078547251134
1,9891,4.399078547251134
1,9616,4.316946673874697
1,7732,4.136779041604415
1,6915,4.112216421668412
1,9665,4.0910671654765896
1,9584,4.0336262725896965
1,5023,3.917821138118949
1,7853,3.917821138118949
1,8564,3.911641694609586
1,5493,3.909064358780988
1,8419,3.876073397308592
1,5690,3.7830557837020464
1,8124,3.7830557837020464
1,7353,3.7256148908151525
1,9591,3.7256148908151525
1,9069,3.679250672042732
1,7735,3.6444631283670974
1,7730,3.534800374938765
1,6602,3.5064561340286096
1,9281,3.4744625139952676
1,8270,3.4664770564793486
1,9394,3.397036140781022
1,9625,3.397036140781022
1,6473,3.387886907400633
1,8170,3.371065472670692
1,7925,3.3673195391410453
1,8375,3.350671922008601
1,7821,3.3287128223216054
1,6470,3.3079826624919435
1,8871,3.270154332195802
1,7745,3.2514023608636764
1,8179,3.2232082254911463
1,9574,3.2232082254911463
1,6927,3.1856542566450474
1,7980,3.1797272924886553
1,6182,3.1584656747048045
1,6848,3.1584656747048045
1,7909,3.1378983064452175
1,5936,3.136780709206308
1,9961,3.136780709206308
1,7879,3.1017190313421747
1,5019,3.100442893885676
1,5825,3.0910796235992026
1,6675,3.088442871074243
1,7811,3.088442871074243
1,10034,3.079875525626089
1,7183,3.0593081573665017
1,8741,3.0387407891069147
1,7844,3.0310019781873496
1,5776,3.020701440547062
1,9192,3.020701440547062
1,9478,2.99955218435524
1,6484,2.9435030228957553
1,6907,2.9435030228957553
1,9487,2.9435030228957553
1,9860,2.9435030228957553
1,8326,2.921543923208759
1,9499,2.921543923208759
1,9853,2.921543923208759
1,6050,2.917347818231266
1,5506,2.910904515465787
1,6342,2.910904515465787
1,8370,2.910904515465787
1,5368,2.894629475457015
1,9530,2.894629475457015
1,6381,2.877642874870504
1,7598,2.877642874870504
1,6849,2.829886924670674
1,7206,2.793707649567631
1,6601,2.7718641438515452
1,9076,2.7718641438515452
1,6894,2.7598641210401125
1,9572,2.7598641210401125
1,5687,2.7512967755919586
1,7151,2.7512967755919586
1,9079,2.7307294073323716
1,6640,2.7024232281532186
1,5101,2.691540802580696
1,7532,2.691540802580696
1,5954,2.6354916411212113
1,7230,2.6354916411212113
1,8193,2.6354916411212113
1,9247,2.6354916411212113
1,9371,2.6354916411212113
1,5569,2.6135325414342154
1,7623,2.6135325414342154
1,7965,2.6135325414342154
1,8276,2.6135325414342154
1,9327,2.6135325414342154
1,9484,2.6135325414342154
1,7335,2.6028931336912433
1,8856,2.6028931336912433
1,5158,2.4432853938174146
1,6964,2.4432853938174146
1,7884,2.4432853938174146
1,8058,2.4432853938174146
1,8320,2.4432853938174146
1,8605,2.4432853938174146
1,9209,2.4432853938174146
1,9595,2.4432853938174146
1,5730,2.4227180255578276
1,5937,2.4227180255578276
1,5957,2.4227180255578276
1,6108,2.4227180255578276
1,6796,2.4227180255578276
1,6916,2.4227180255578276
1,7460,2.4227180255578276
1,7789,2.4227180255578276
1,8162,2.4227180255578276
1,8374,2.4227180255578276
1,9050,2.4227180255578276
1,9180,2.4227180255578276
1,9582,2.4227180255578276
1,5014,2.3967473574474973
1,5095,2.3738444781190884
1,5229,2.3738444781190884
1,5464,2.3738444781190884
1,5625,2.3738444781190884
1,6410,2.3738444781190884
1,6780,2.3738444781190884
1,7715,2.3738444781190884
1,8187,2.3738444781190884
1,8740,2.3738444781190884
1,9071,2.3738444781190884
1,9156,2.3738444781190884
1,5571,2.305521159659672
1,5805,2.305521159659672
1,6244,2.305521159659672
1,6368,2.305521159659672
1,6521,2.305521159659672
1,6578,2.305521159659672
1,7396,2.305521159659672
1,7434,2.305521159659672
1,7887,2.305521159659672
1,8166,2.305521159659672
1,8195,2.305521159659672
1,8245,2.305521159659672
1,8409,2.305521159659672
1,8499,2.305521159659672
1,8684,2.305521159659672
1,8804,2.305521159659672
1,8911,2.305521159659672
1,9389,2.305521159659672
2,5715,4.51085339723234
2,9677,4.468491946059753
2,6327,3.968987921878967
2,7179,3.9006458288816432
2,7553,3.8203232998364367
2,9081,3.8118040259709733
2,6079,3.807918518944849
2,9943,3.7545499854472206
2,5638,3.718736102767722
2,5164,3.6989700043360187
2,5766,3.598991689000074
2,7350,3.594596238206367
2,7529,3.554796638148254
2,5496,3.5297396009648763
2,5377,3.466335606967549
2,7756,3.4549214962967905
2,6498,3.449325511946885
2,7117,3.440442353464391
2,6382,3.389173215680767
2,5123,3.3447182339471917
2,5375,3.3265954214789
2,7349,3.3265954214789
2,6212,3.3256189002414347
2,5010,3.2498602811772903
2,5328,3.249555077418916
2,7228,3.2484314751814596
2,7939,3.241599215558309
2,7644,3.231432264950625
2,9544,3.231432264950625
2,5397,3.22572360756493
2,6197,3.2213653122471753
2,9263,3.2210116222417424
2,9389,3.214087802645806
2,6714,3.2086318751233467
2,6298,3.181548707538151
2,5567,3.1632112569421356
2,5887,3.1632112569421356
2,9553,3.1632112569421356
2,9628,3.149560826586293
2,7757,3.141724073706845
2,9749,3.125848465713466
2,5313,3.10201699585948
2,5489,3.10201699585948
2,5566,3.091504793177813
2,8888,3.084925263417897
2,6217,3.053510732785661
2,5125,3.041966487839322
2,9546,3.0395046452366854
2,6297,3.0180174620013953
2,5947,3.0021418540080163
2,5308,2.9953095943848655
2,8099,2.950798971241527
2,5673,2.9157980335312352
2,6881,2.878435242302566
2,9028,2.878435242302566
2,9525,2.8595004673005633
2,8664,2.8440915697669125
2,6364,2.7953495814807696
2,7967,2.7728514430654077
2,5685,2.7717278408279515
2,9109,2.7717278408279515
2,8922,2.7547286305971164
2,8956,2.7547286305971164
2,9312,2.7547286305971164
2,6106,2.7215085602989193
2,7599,2.6935694150864613
2,5746,2.6904467574341537
2,5863,2.6904467574341537
2,6291,2.6904467574341537
2,6311,2.6889694651912643
2,6751,2.6889694651912643
2,7919,2.681709922478769
2,8377,2.681709922478769
2,8959,2.681709922478769
2,9444,2.681709922478769
2,7743,2.6491448313599584
2,5323,2.648021229122502
2,5731,2.648021229122502
2,7144,2.648021229122502
2,6668,2.62788723022077
2,9099,2.598120932374786
2,5001,2.597801948593469
2,5911,2.597801948593469
2,6452,2.597801948593469
2,6691,2.597801948593469
2,7115,2.597801948593469
2,5865,2.576807098432153
2,8410,2.5745631248965366
2,8115,2.57101680362554
2,7854,2.555523501281809
2,7093,2.550274182764791
2,7470,2.550274182764791
2,6970,2.5424454590076255
2,6299,2.536982464600847
2,9569,2.5352029209460416
2,6125,2.525438219654508
2,6248,2.525438219654508
2,6696,2.525438219654508
2,5176,2.4960592623052777
2,7514,2.4960592623052777
2,8186,2.4960592623052777
2,6932,2.490350604919583
2,6645,2.4856395818343584
2,6755,2.4856395818343584
2,5653,2.475211857026431
2,7323,2.473615923086225
2,6536,2.4551743419089584
2,5639,2.4393979743469325
2,9091,2.4363705542501246
2,5769,2.4313986653636888
2,6873,2.4303000968994257
2,7198,2.4303000968994257
2,9746,2.419880416428506
2,9092,2.417411491726824
2,7145,2.4132758528953975
2,7579,2.4132758528953975
2,7755,2.411453308578525
2,5268,2.4032089001919474
2,5814,2.401731607949058
2,6138,2.401731607949058
2,6209,2.401731607949058
2,6659,2.401731607949058
2,6667,2.401731607949058
2,7389,2.401731607949058
2,8857,2.401731607949058
2,8554,2.3956692605579306
2,6292,2.3937997883796935
2,6474,2.391518238223666
2,6120,2.3904754630681193
2,5121,2.3601104258120356
2,5122,2.3571088740187016
2,8972,2.3571088740187016
2,5140,2.347516687489545
2,6677,2.3437841616494604
2,8732,2.3391325803016305
2,9744,2.3391325803016305
2,9261,2.3152581097855776
2,6917,2.3126639425446744
2,8572,2.3126639425446744
2,7748,2.309233880108365
2,9743,2.3076920536582386
2,7009,2.2937048800213744
2,8455,2.2937048800213744
2,5009,2.2916430963722023
2,6503,2.2895692411899473
2,6294,2.2838605838042527
2,6943,2.2838605838042527
2,5884,2.27669478500071
2,6469,2.271962648852481
2,9128,2.2667688513626696
3,8918,3.3836213335505265
3,8137,3.2413586632211095
3,5289,3.0928811821832407
3,9563,2.9879862377132387
3,5105,2.9168505742224125
3,7709,2.8229495710523107
3,5508,2.739433525598636
3,5879,2.739433525598636
3,5783,2.6559174801449617
3,5882,2.6231085043857405
3,7009,2.5691256407066523
3,8173,2.5691256407066523
3,8790,2.5691256407066523
3,9205,2.5691256407066523
3,9870,2.5691256407066523
3,7414,2.505300230725601
3,9523,2.4856095952529773
3,8416,2.4528006194937566
3,9743,2.4528006194937566
3,9436,2.414925436599939
3,9532,2.414925436599939
3,5093,2.398817755814668
3,5515,2.398817755814668
3,5948,2.398817755814668
3,7479,2.398817755814668
3,7725,2.398817755814668
3,7759,2.398817755814668
3,8326,2.398817755814668
3,8327,2.398817755814668
3,8338,2.398817755814668
3,8572,2.398817755814668
3,8972,2.398817755814668
3,9099,2.398817755814668
3,6261,2.393738970709359
3,6787,2.393738970709359
3,5104,2.370128603288566
3,8308,2.370128603288566
3,8619,2.370128603288566
3,5715,2.3153017103609934
3,6108,2.3153017103609934
3,8911,2.3153017103609934
3,9686,2.3153017103609934
3,6165,2.2571990234487864
3,7186,2.2571990234487864
3,5799,2.244617551707955
3,6349,2.244617551707955
3,9215,2.244617551707955
3,9891,2.244617551707955
3,9973,2.244617551707955
3,5771,2.1449938254690095
3,6051,2.1449938254690095
3,6839,2.1449938254690095
3,7162,2.1449938254690095
3,7552,2.1449938254690095
3,7553,2.1449938254690095
3,8452,2.1449938254690095
3,8871,2.1449938254690095
3,9089,2.1449938254690095
3,9207,2.1449938254690095
3,9389,2.1449938254690095
3,9834,2.1449938254690095
3,9969,2.1449938254690095
3,6531,2.081168415487958
3,6849,2.081168415487958
3,7564,2.081168415487958
3,7643,2.081168415487958
3,8433,2.081168415487958
3,8839,2.081168415487958
3,5245,1.9746859405770254
3,5374,1.9746859405770254
3,5731,1.9746859405770254
3,5775,1.9746859405770254
3,5857,1.9746859405770254
3,6166,1.9746859405770254
3,6244,1.9746859405770254
3,6452,1.9746859405770254
3,6549,1.9746859405770254
3,6556,1.9746859405770254
3,6733,1.9746859405770254
3,6823,1.9746859405770254
3,6870,1.9746859405770254
3,7728,1.9746859405770254
3,7975,1.9746859405770254
3,8510,1.9746859405770254
3,8791,1.9746859405770254
3,8793,1.9746859405770254
3,9150,1.9746859405770254
3,9349,1.9746859405770254
3,9480,1.9746859405770254
3,9625,1.9746859405770254
3,9661,1.9746859405770254
3,5121,1.8330672082111437
3,5292,1.8330672082111437
3,5498,1.8330672082111437
3,5884,1.8330672082111437
3,5993,1.8330672082111437
3,7503,1.8330672082111437
3,7823,1.8330672082111437
3,8320,1.8330672082111437
3,8436,1.8330672082111437
3,8605,1.8330672082111437
3,8639,1.8330672082111437
3,8844,1.8330672082111437
3,8919,1.8330672082111437
3,8922,1.8330672082111437
3,8947,1.8330672082111437
3,9829,1.8330672082111437
3,9908,1.8330672082111437
3,9984,1.8330672082111437
3,5076,1.408935392973501
3,5103,1.408935392973501
3,5146,1.408935392973501
3,5161,1.408935392973501
3,5186,1.408935392973501
3,5219,1.408935392973501
3,5278,1.408935392973501
3,5296,1.408935392973501
3,5302,1.408935392973501
3,5360,1.408935392973501
3,5467,1.408935392973501
3,5485,1.408935392973501
3,5698,1.408935392973501
3,5761,1.408935392973501
3,5876,1.408935392973501
3,5946,1.408935392973501
3,5970,1.408935392973501
3,6012,1.408935392973501
3,6074,1.408935392973501
3,6160,1.408935392973501
3,6192,1.408935392973501
3,6231,1.408935392973501
3,6283,1.408935392973501
3,6320,1.408935392973501
3,6424,1.408935392973501
3,6440,1.408935392973501
3,6450,1.408935392973501
3,6485,1.408935392973501
3,6498,1.408935392973501
3,6716,1.408935392973501
3,6864,1.408935392973501
3,6917,1.408935392973501
3,6955,1.408935392973501
3,6997,1.408935392973501
3,7084,1.408935392973501
3,7203,1.408935392973501
3,7275,1.408935392973501
3,7320,1.408935392973501
3,7322,1.408935392973501
3,7389,1.408935392973501
3,7501,1.408935392973501
4,9444,8.432879283368484
4,9745,4.472634143353571
4,9445,4.07719148064203
4,10029,4.07719148064203
4,6491,3.534652163070473
4,8032,3.511440933038506
4,7224,3.4350284368315274
4,7688,2.6989700043360187
4,8929,2.6989700043360187
4,9038,2.6989700043360187
4,7827,1.346605813410406
4,6675,1.3252269143940791
4,6289,1.3137968376511855
4,9710,1.3137968376511855
4,5883,1.275921654757368
4,6836,1.261877698671449
4,9742,1.261877698671449
4,5783,1.2469820871714605
4,9739,1.2311248214459949
4,9746,1.2311248214459949
4,10017,1.2311248214459949
4,5118,1.2141731114122396
4,5865,1.2141731114122396
4,5882,1.2141731114122396
4,8414,1.2141731114122396
4,10019,1.2141731114122396
4,6209,1.1959646091704232
4,8315,1.1959646091704232
4,5268,1.1549190295020952
4,6288,1.1549190295020952
4,9563,1.1549190295020952
4,6054,1.131501095207049
4,6286,1.131501095207049
4,7046,1.131501095207049
4,8988,1.131501095207049
4,5249,1.1056137698653838
4,6292,1.1056137698653838
4,6334,1.1056137698653838
4,6382,1.1056137698653838
4,7229,1.1056137698653838
4,7435,1.1056137698653838
4,8298,1.1056137698653838
4,8300,1.1056137698653838
4,8318,1.1056137698653838
4,9278,1.1056137698653838
4,5117,1.0766742022794764
4,5269,1.0766742022794764
4,5393,1.0766742022794764
4,6213,1.0766742022794764
4,6294,1.0766742022794764
4,7222,1.0766742022794764
4,8065,1.0766742022794764
4,8312,1.0766742022794764
4,8438,1.0766742022794764
4,8562,1.0766742022794764
4,8820,1.0766742022794764
4,9523,1.0766742022794764
4,5089,1.0438652265202557
4,5880,1.0438652265202557
4,6575,1.0438652265202557
4,7453,1.0438652265202557
4,8416,1.0438652265202557
4,8794,1.0438652265202557
4,8867,1.0438652265202557
4,9435,1.0438652265202557
4,9743,1.0438652265202557
4,9744,1.0438652265202557
4,9838,1.0438652265202557
4,9863,1.0438652265202557
4,10018,1.0438652265202557
4,10034,1.0438652265202557
4,5030,1.0059900436264382
4,5101,1.0059900436264382
4,5102,1.0059900436264382
4,5212,1.0059900436264382
4,5336,1.0059900436264382
4,5612,1.0059900436264382
4,5652,1.0059900436264382
4,5746,1.0059900436264382
4,5781,1.0059900436264382
4,5877,1.0059900436264382
4,5878,1.0059900436264382
4,6210,1.0059900436264382
4,6219,1.0059900436264382
4,6287,1.0059900436264382
4,6385,1.0059900436264382
4,6873,1.0059900436264382
4,6915,1.0059900436264382
4,7035,1.0059900436264382
4,7150,1.0059900436264382
4,7225,1.0059900436264382
4,7347,1.0059900436264382
4,7487,1.0059900436264382
4,7517,1.0059900436264382
4,7518,1.0059900436264382
4,7538,1.0059900436264382
4,7620,1.0059900436264382
4,7791,1.0059900436264382
4,7821,1.0059900436264382
4,7939,1.0059900436264382
4,8303,1.0059900436264382
4,8824,1.0059900436264382
4,8847,1.0059900436264382
4,8959,1.0059900436264382
4,9436,1.0059900436264382
4,9532,1.0059900436264382
4,9543,1.0059900436264382
4,9677,1.0059900436264382
4,5068,0.961193210315065
4,5104,0.961193210315065
4,5108,0.961193210315065
4,5111,0.961193210315065
4,5116,0.961193210315065
4,5211,0.961193210315065
4,5489,0.961193210315065
4,5777,0.961193210315065
4,5778,0.961193210315065
4,5805,0.961193210315065
4,5972,0.961193210315065
4,6273,0.961193210315065
4,6396,0.961193210315065
4,6638,0.961193210315065
4,6668,0.961193210315065
4,6714,0.961193210315065
4,6723,0.961193210315065
4,6838,0.961193210315065
4,6913,0.961193210315065
4,7077,0.961193210315065
4,7179,0.961193210315065
4,7221,0.961193210315065
4,7289,0.961193210315065
4,7335,0.961193210315065
4,7349,0.961193210315065
4,7495,0.961193210315065
4,7579,0.961193210315065
4,7583,0.961193210315065
4,8211,0.961193210315065
4,8257,0.961193210315065
4,8304,0.961193210315065
4,8305,0.961193210315065
4,8308,0.961193210315065
4,8427,0.961193210315065
4,8446,0.961193210315065
4,8453,0.961193210315065
4,8619,0.961193210315065
4,8784,0.961193210315065
4,8798,0.961193210315065
4,8817,0.961193210315065
4,8859,0.961193210315065
4,8957,0.961193210315065
5,8778,8.357686605788219
5,8939,7.582129626511225
5,6078,6.8883564728360644
5,8855,6.693171001887815
5,6422,6.418072531535828
5,7207,6.251175327413947
5,6669,5.947788590235592
5,8646,5.927351125561501
5,8282,5.505792915761725
5,9229,5.321914352923618
5,9625,4.576531941271395
5,5267,4.502538970489162
5,5070,4.421921881357472
5,8309,4.386606508042516
5,7469,4.234010877314179
5,6096,4.10624799997116
5,6879,4.10624799997116
5,8796,4.10624799997116
5,10026,4.062782306190069
5,5108,3.9435434785821126
5,8808,3.9023622355706484
5,8809,3.8966017795320393
5,6759,3.773401340778197
5,7123,3.7577943490756684
5,7612,3.757156558836939
5,8443,3.757156558836939
5,6485,3.7071767646223996
5,8810,3.7071767646223996
5,9686,3.700367350330847
5,5164,3.6989700043360187
5,7289,3.627258084472921
5,8859,3.6197192767296658
5,10021,3.6197192767296658
5,6692,3.560715405422388
5,7046,3.5523321474779013
5,10038,3.4573455335521865
5,7179,3.415972789115365
5,9081,3.326276291047856
5,8222,3.309818439117862
5,8774,3.309818439117862
5,5646,3.2178159217173476
5,7873,3.2056331600460273
5,6360,3.192548682435574
5,9512,3.1517197861990565
5,7526,3.1512193678798166
5,8858,3.1082540924179662
5,7694,3.077986185907728
5,10032,3.077986185907728
5,9743,3.0658034242364076
5,5393,3.052718946625954
5,5878,3.0450650178823135
5,9116,3.0450650178823135
5,8211,3.03198054027186
5,8801,3.018344524361721
5,8818,3.018344524361721
5,9093,3.018344524361721
5,5032,2.9870615922519512
5,6878,2.9870615922519512
5,7335,2.9771848499136357
5,6901,2.9729097596549616
5,7917,2.9729097596549616
5,8434,2.961794352970177
5,9136,2.961794352970177
5,7725,2.9468036337429986
5,6165,2.9294440658738714
5,8604,2.9294440658738714
5,9051,2.9294440658738714
5,5395,2.8809072422544477
5,6176,2.8809072422544477
5,6430,2.8809072422544477
5,8584,2.8809072422544477
5,5104,2.824357070862904
5,5246,2.824357070862904
5,8117,2.824357070862904
5,6437,2.7779157901320706
5,6738,2.7288947447735072
5,5829,2.708156338419413
5,6988,2.708156338419413
5,9683,2.708156338419413
5,6283,2.6814358448988207
5,6420,2.6814358448988207
5,6554,2.6814358448988207
5,7673,2.6814358448988207
5,7701,2.6814358448988207
5,8641,2.6814358448988207
5,8365,2.6542149330589884
5,9057,2.6542149330589884
5,9879,2.6542149330589884
5,6752,2.6379701511177305
5,7324,2.6379701511177305
5,7326,2.6379701511177305
5,7513,2.6379701511177305
5,8150,2.6379701511177305
5,8534,2.6379701511177305
5,8802,2.6379701511177305
5,8807,2.6379701511177305
5,9236,2.6379701511177305
5,9484,2.6379701511177305
5,9718,2.6379701511177305
5,5179,2.543998562791548
5,5716,2.543998562791548
5,5759,2.543998562791548
5,5876,2.543998562791548
5,5953,2.543998562791548
5,6199,2.543998562791548
5,6217,2.543998562791548
5,6730,2.543998562791548
5,6908,2.543998562791548
5,6923,2.543998562791548
5,7143,2.543998562791548
5,7293,2.543998562791548
5,7568,2.543998562791548
5,7618,2.543998562791548
5,7683,2.543998562791548
5,7707,2.543998562791548
5,7755,2.543998562791548
5,7820,2.543998562791548
5,7853,2.543998562791548
5,7912,2.543998562791548
5,7946,2.543998562791548
5,8048,2.543998562791548
5,8067,2.543998562791548
5,8186,2.543998562791548
5,8411,2.543998562791548
5,8438,2.543998562791548
5,8700,2.543998562791548
5,8957,2.543998562791548
5,8976,2.543998562791548
5,9049,2.543998562791548
5,9540,2.543998562791548
5,9777,2.543998562791548
5,9788,2.543998562791548
5,9885,2.543998562791548
5,10035,2.543998562791548
5,5303,2.531815801120227
5,5874,2.531815801120227
5,6089,2.531815801120227
5,6960,2.531815801120227
5,8817,2.531815801120227
5,8824,2.531815801120227
5,9038,2.531815801120227
5,9124,2.531815801120227
5,9726,2.531815801120227
5,9895,2.531815801120227
5,8820,2.5187313235097735
5,8248,2.5028173197800836
5,6214,2.500532869010457
5,6424,2.500532869010457
5,7171,2.500532869010457
5,8613,2.500532869010457
6,6382,5.1748248177387595
6,5727,4.6121774114950185
6,7223,4.164057803583635
6,5477,3.8250684064715577
6,5726,3.8250684064715577
6,7503,2.6989700043360187
6,8120,2.6989700043360187
6,8261,2.6989700043360187
6,9541,2.6989700043360187
6,9736,2.6989700043360187
6,7047,2.2521968042710774
6,6736,2.200669367264969
6,7424,2.200669367264969
6,5305,2.1430665934717705
6,7487,2.077761954643469
6,8433,2.077761954643469
6,5950,2.002373281812331
6,6866,2.002373281812331
6,7224,2.002373281812331
6,7737,2.002373281812331
6,8593,2.002373281812331
6,8844,2.002373281812331
6,5606,1.913207407159
6,8241,1.913207407159
6,8470,1.913207407159
6,8956,1.913207407159
6,9339,1.913207407159
6,6353,1.8040771963596935
6,6605,1.8040771963596935
6,6689,1.8040771963596935
6,6761,1.8040771963596935
6,7229,1.8040771963596935
6,9260,1.8040771963596935
6,9537,1.8040771963596935
6,9870,1.8040771963596935
6,5036,1.6633838847002538
6,5094,1.6633838847002538
6,5326,1.6633838847002538
6,5620,1.6633838847002538
6,5712,1.6633838847002538
6,5829,1.6633838847002538
6,6181,1.6633838847002538
6,6839,1.6633838847002538
6,7055,1.6633838847002538
6,7063,1.6633838847002538
6,7108,1.6633838847002538
6,7425,1.6633838847002538
6,7527,1.6633838847002538
6,7592,1.6633838847002538
6,8057,1.6633838847002538
6,8116,1.6633838847002538
6,8211,1.6633838847002538
6,9111,1.6633838847002538
6,9634,1.6633838847002538
6,5185,1.4650877992476161
6,5219,1.4650877992476161
6,5490,1.4650877992476161
6,5609,1.4650877992476161
6,5716,1.4650877992476161
6,5766,1.4650877992476161
6,5865,1.4650877992476161
6,5874,1.4650877992476161
6,5877,1.4650877992476161
6,5928,1.4650877992476161
6,5954,1.4650877992476161
6,5989,1.4650877992476161
6,6285,1.4650877992476161
6,6387,1.4650877992476161
6,6435,1.4650877992476161
6,6459,1.4650877992476161
6,6634,1.4650877992476161
6,6688,1.4650877992476161
6,6774,1.4650877992476161
6,6837,1.4650877992476161
6,6907,1.4650877992476161
6,6910,1.4650877992476161
6,7061,1.4650877992476161
6,7605,1.4650877992476161
6,7670,1.4650877992476161
6,7784,1.4650877992476161
6,7872,1.4650877992476161
6,7877,1.4650877992476161
6,8018,1.4650877992476161
6,8024,1.4650877992476161
6,8072,1.4650877992476161
6,8117,1.4650877992476161
6,8258,1.4650877992476161
6,8260,1.4650877992476161
6,8317,1.4650877992476161
6,8789,1.4650877992476161
6,8889,1.4650877992476161
6,8955,1.4650877992476161
6,9042,1.4650877992476161
6,9058,1.4650877992476161
6,9077,1.4650877992476161
6,9113,1.4650877992476161
6,9143,1.4650877992476161
6,9526,1.4650877992476161
6,9989,1.4650877992476161
6,5017,1.1260984021355387
6,5023,1.1260984021355387
6,5106,1.1260984021355387
6,5118,1.1260984021355387
6,5153,1.1260984021355387
6,5167,1.1260984021355387
6,5175,1.1260984021355387
6,5188,1.1260984021355387
6,5189,1.1260984021355387
6,5204,1.1260984021355387
6,5242,1.1260984021355387
6,5254,1.1260984021355387
6,5255,1.1260984021355387
6,5294,1.1260984021355387
6,5301,1.1260984021355387
6,5308,1.1260984021355387
6,5324,1.1260984021355387
6,5330,1.1260984021355387
6,5332,1.1260984021355387
6,5337,1.1260984021355387
6,5339,1.1260984021355387
6,5350,1.1260984021355387
6,5351,1.1260984021355387
6,5445,1.1260984021355387
6,5459,1.1260984021355387
6,5468,1.1260984021355387
6,5470,1.1260984021355387
6,5471,1.1260984021355387
6,5472,1.1260984021355387
6,5474,1.1260984021355387
6,5494,1.1260984021355387
6,5495,1.1260984021355387
6,5496,1.1260984021355387
6,5554,1.1260984021355387
6,5593,1.1260984021355387
6,5597,1.1260984021355387
6,5600,1.1260984021355387
6,5613,1.1260984021355387
6,5652,1.1260984021355387
6,5669,1.1260984021355387
6,5724,1.1260984021355387
6,5729,1.1260984021355387
6,5742,1.1260984021355387
6,5754,1.1260984021355387
6,5769,1.1260984021355387
6,5777,1.1260984021355387
6,5781,1.1260984021355387
6,5811,1.1260984021355387
6,5830,1.1260984021355387
6,5831,1.1260984021355387
6,5850,1.1260984021355387
7,8573,8.969726411932323
7,5378,8.890030946343996
7,8971,8.82524830217561
7,9391,8.774496006654811
7,9662,8.47343344027857
7,5000,8.385117967852935
7,7746,8.259883896017039
7,5995,8.092880452518305
7,9150,8.092880452518305
7,8340,7.806521978423164
7,7603,7.740347068258168
7,6780,7.570039183366183
7,5562,7.480650983895419
7,6378,7.471825932853806
7,9871,7.445588240665106
7,7011,7.327755740150522
7,7748,7.248032339363508
7,5793,7.157447855258539
7,8082,6.998172392484399
7,7825,6.911158234085096
7,5505,6.857592891759738
7,8091,6.711576456354118
7,6557,6.664868612911652
7,7610,6.48544185215865
7,9099,6.1032066790372745
7,7033,6.095082038281923
7,9082,5.981570873414034
7,6474,5.615599525294131
7,7113,5.276925626226696
7,5092,4.701963558477496
7,5439,4.701963558477496
7,5630,4.701963558477496
7,5871,4.701963558477496
7,6097,4.701963558477496
7,6417,4.701963558477496
7,6648,4.701963558477496
7,6895,4.701963558477496
7,7111,4.701963558477496
7,7342,4.701963558477496
7,7661,4.701963558477496
7,7930,4.701963558477496
7,8164,4.701963558477496
7,8426,4.701963558477496
7,8659,4.701963558477496
7,9024,4.701963558477496
7,9250,4.701963558477496
7,9516,4.455673937304053
7,9864,4.455673937304053
7,9937,4.455673937304053
7,8972,4.434569392532481
7,8452,4.272292590851714
7,9677,4.180859701379941
7,9661,4.146429007125914
7,7669,4.037897232944152
7,5515,3.9681193702638526
7,7939,3.902648090408108
7,7726,3.8915255590913493
7,8177,3.8823119127040586
7,6778,3.852599807918872
7,5123,3.846145446080624
7,9741,3.838447809124787
7,8572,3.820056834808415
7,5101,3.8018704281810467
7,5157,3.784943828796399
7,5889,3.776786671980462
7,6556,3.7652838896056164
7,7349,3.7480770952633007
7,6919,3.7421216330538756
7,6668,3.735946231968252
7,7599,3.7176461171394326
7,5299,3.7120040278120747
7,7553,3.7120040278120747
7,9540,3.6668034871314994
7,6148,3.653849764779027
7,9543,3.6482584337934756
7,7580,3.6375175252488257
7,9817,3.6375175252488257
7,6491,3.6225660436826903
7,6104,3.5432784951477934
7,9263,3.541696142920091
7,5269,3.5392508072613373
7,5715,3.537049146337395
7,5638,3.5229423174437446
7,7117,3.4721900219229456
7,8662,3.4721900219229456
7,6297,3.4436547689088477
7,6672,3.4410590666776333
7,6443,3.3953304784609255
7,6385,3.3903832514028975
7,8308,3.3652720147498476
7,5766,3.360189165915034
7,5375,3.3526344325517603
7,9261,3.301752770472252
7,5074,3.29894233944743
7,5639,3.275720925088324
7,9688,3.2742786551988403
7,6917,3.2543062872048907
7,9081,3.2382841407865515
7,8847,3.22100713769289
7,8346,3.2200753665109136
7,7756,3.21611897321175
7,5993,3.134750697833705
7,9092,3.0942139480832678
7,5583,3.088099217175502
7,5564,3.0444699039905085
7,6906,3.0294313039148806
7,8554,3.0294313039148806
7,9943,3.0294313039148806
7,6836,3.0066051935681433
7,6382,2.997427735294956
7,7350,2.950143755379984
7,8454,2.8966580467816696
7,9100,2.8966580467816696
7,7497,2.8741620190985246
7,5489,2.8530071757446374
7,7289,2.8530071757446374
7,9551,2.8530071757446374
7,5884,2.8516665291166228
7,7873,2.8356933527237995
7,9311,2.8356933527237995
7,5476,2.818385048271039
7,6300,2.809173528125365
7,7592,2.7981802828170648
7,9124,2.7981802828170648
7,7777,2.795158115343855
7,9553,2.79443861831151
7,9555,2.79443861831151
7,6468,2.786883884948236
7,6381,2.7807676416699767
7,7943,2.7807676416699767
7,8299,2.7807676416699767
7,9749,2.7274961241640265
7,8824,2.7260538542745425
7,6106,2.710946442407359
7,6289,2.7106575196624103
7,6296,2.707596336413339
7,7495,2.705920705211759
7,5393,2.6625965946590315
7,6886,2.6503684256082263
7,9896,2.6503684256082263
7,5913,2.6288484628476403
7,5506,2.627872397925081
7,6197,2.627872397925081
7,8604,2.627872397925081
7,9154,2.627872397925081
7,9539,2.627872397925081
7,9549,2.6090174868885088
7,5796,2.605376907943179
7,5797,2.605376907943179
7,8876,2.605376907943179
8,6850,7.870318155254464
8,7206,6.780413608823183
8,6470,6.629306637905605
8,9435,5.880862114824884
8,9684,5.405040704848388
8,9389,5.004491163995691
8,9090,4.768792033804438
8,9652,4.632419531074104
8,9198,4.4407951717025425
8,6171,4.4060076280269085
8,8446,4.399078547251134
8,9891,4.399078547251134
8,9616,4.316946673874697
8,7732,4.136779041604415
8,6915,4.112216421668412
8,9665,4.0910671654765896
8,9584,4.0336262725896965
8,7528,3.972935699813262
8,5023,3.917821138118949
8,7853,3.917821138118949
8,8564,3.911641694609586
8,5493,3.909064358780988
8,9542,3.8840450130942585
8,8419,3.876073397308592
8,5690,3.7830557837020464
8,8124,3.7830557837020464
8,7353,3.7256148908151525
8,9591,3.7256148908151525
8,5164,3.6989700043360187
8,9069,3.679250672042732
8,7735,3.6444631283670974
8,7730,3.534800374938765
8,6464,3.511440933038506
8,6743,3.511440933038506
8,6602,3.5064561340286096
8,9281,3.4744625139952676
8,8270,3.4664770564793486
8,9394,3.3970361407810223
8,9625,3.3970361407810223
8,6473,3.387886907400633
8,8170,3.371065472670692
8,7925,3.3673195391410453
8,8375,3.350671922008601
8,7821,3.3287128223216054
8,5449,3.3213239754136623
8,8871,3.270154332195802
8,7745,3.2514023608636764
8,8179,3.2232082254911463
8,9574,3.2232082254911463
8,6927,3.1856542566450474
8,7980,3.1797272924886553
8,6182,3.1584656747048045
8,6848,3.1584656747048045
8,7909,3.1378983064452175
8,5936,3.136780709206308
8,9961,3.136780709206308
8,7879,3.1017190313421747
8,5019,3.100442893885676
8,5825,3.0910796235992026
8,6675,3.088442871074243
8,7811,3.088442871074243
8,10034,3.079875525626089
8,7183,3.0593081573665017
8,8741,3.0387407891069147
8,7844,3.0310019781873496
8,5776,3.020701440547062
8,9192,3.020701440547062
8,9478,2.99955218435524
8,6484,2.9435030228957553
8,6907,2.9435030228957553
8,9487,2.9435030228957553
8,9860,2.9435030228957553
8,8326,2.921543923208759
8,9499,2.921543923208759
8,9853,2.921543923208759
8,6050,2.917347818231266
8,5506,2.910904515465787
8,6342,2.910904515465787
8,8370,2.910904515465787
8,5368,2.894629475457015
8,9530,2.894629475457015
8,6381,2.877642874870504
8,7598,2.877642874870504
8,6849,2.829886924670674
8,6601,2.7718641438515452
8,9076,2.7718641438515452
8,6894,2.7598641210401125
8,9572,2.7598641210401125
8,5687,2.7512967755919586
8,7151,2.7512967755919586
8,9079,2.7307294073323716
8,6640,2.7024232281532186
8,7848,2.6989700043360187
8,7928,2.6989700043360187
8,8696,2.6989700043360187
8,9599,2.6989700043360187
8,9886,2.6989700043360187
8,5101,2.691540802580696
8,7532,2.691540802580696
8,5954,2.6354916411212113
8,7230,2.6354916411212113
8,8193,2.6354916411212113
8,9247,2.6354916411212113
8,9371,2.6354916411212113
8,5569,2.6135325414342154
8,7623,2.6135325414342154
8,7965,2.6135325414342154
8,8276,2.6135325414342154
8,9327,2.6135325414342154
8,9484,2.6135325414342154
8,7335,2.6028931336912433
8,8856,2.6028931336912433
8,5485,2.552841968657781
8,6431,2.552841968657781
8,6438,2.552841968657781
8,7679,2.552841968657781
8,7683,2.552841968657781
8,8442,2.552841968657781
8,8534,2.552841968657781
8,9442,2.552841968657781
8,9682,2.552841968657781
8,5158,2.4432853938174146
8,6964,2.4432853938174146
8,7884,2.4432853938174146
8,8058,2.4432853938174146
8,8320,2.4432853938174146
8,8605,2.4432853938174146
8,9209,2.4432853938174146
8,9595,2.4432853938174146
8,5730,2.4227180255578276
8,5937,2.4227180255578276
8,5957,2.4227180255578276
8,6108,2.4227180255578276
8,6796,2.4227180255578276
8,6916,2.4227180255578276
8,7460,2.4227180255578276
8,7789,2.4227180255578276
8,8162,2.4227180255578276
8,8374,2.4227180255578276
8,9050,2.4227180255578276
8,9180,2.4227180255578276
8,9582,2.4227180255578276
8,5014,2.3967473574474973
8,5095,2.3738444781190884
8,5229,2.3738444781190884
8,5464,2.3738444781190884
8,5625,2.3738444781190884
8,6410,2.3738444781190884
8,6780,2.3738444781190884
8,7715,2.3738444781190884
9,6925,7.8705572345980475
9,7123,5.921984160327158
9,5884,5.6440326128752965
9,5995,5.622884414739383
9,6496,5.449924146256468
9,8344,5.43517542709772
9,5644,5.1075288966200665
9,9647,5.102980694894189
9,8186,5.067107452504324
9,5000,4.7485041579240574
9,7686,4.618674664429422
9,7704,4.5855168595012605
9,7946,4.544930411156949
9,7825,4.4522293156544706
9,9072,4.419935366929073
9,8514,4.381622529158233
9,7961,4.381597889009029
9,9666,4.37674012599961
9,7357,4.344646971123911
9,5121,4.344612959512115
9,6923,4.266961145747203
9,7690,4.226334038768
9,7729,4.162113717404806
9,5138,4.158456386430688
9,7688,4.158456386430688
9,9104,4.1135499447222585
9,10019,4.103396095686609
9,6181,4.014716260243205
9,7687,4.012828670933551
9,6709,3.9955249001346127
9,7758,3.9715528267397087
9,8446,3.956562539311318
9,9388,3.945613535721388
9,8338,3.920896853579301
9,8972,3.920896853579301
9,5218,3.9178730863697
9,6777,3.886861902391395
9,8925,3.826810923743165
9,6631,3.811117873326893
9,7116,3.795207448489779
9,7689,3.7915501175156594
9,6455,3.7704907663476908
9,9243,3.7704907663476908
9,8245,3.7613090431794065
9,5516,3.734109828240686
9,6948,3.6937816886958963
9,7009,3.681553762842409
9,7759,3.681553762842409
9,9369,3.681553762842409
9,8989,3.63880898199086
9,8604,3.616129874930984
9,6930,3.594400317222632
9,6263,3.5914195717721045
9,9921,3.5846286191033037
9,8323,3.5666598678709436
9,8340,3.5622731507351375
9,7966,3.5218634181767774
9,9749,3.5218634181767774
9,6602,3.47520992031847
9,8326,3.4733021356180593
9,5638,3.466927354247605
9,7579,3.459904654828137
9,7121,3.4593712345265537
9,6149,3.407012544964385
9,6780,3.4063983754703266
9,7129,3.404868197499276
9,5999,3.4026194488453703
9,8667,3.4026194488453703
9,9633,3.3975581065535576
9,8082,3.395650321853147
9,9567,3.3797739086278282
9,5562,3.3643610738984284
9,8099,3.3523430205596823
9,9564,3.3523430205596823
9,7359,3.3520334592761403
9,6007,3.339364176069469
9,8172,3.339364176069469
9,8800,3.339364176069469
9,9776,3.339364176069469
9,6556,3.314647493927381
9,9081,3.314647493927381
9,7599,3.2908028935107505
9,7603,3.28889510881034
9,5642,3.245278246233333
9,9772,3.2342255844056376
9,7016,3.2245133028570763
9,6467,3.2220279914384715
9,5564,3.2150588644462488
9,5796,3.19727466652052
9,7605,3.1893557221368853
9,8173,3.1889580888378593
9,9941,3.1889580888378593
9,9016,3.1789632342684495
9,9435,3.171485023628315
9,5993,3.170650199678021
9,5805,3.1487692737925745
9,5222,3.1443761776735597
9,5561,3.1443761776735597
9,6215,3.1374070506813365
9,7551,3.1374070506813365
9,5369,3.1322768813126642
9,5489,3.1000210853325774
9,5813,3.1000210853325774
9,5890,3.1000210853325774
9,6917,3.1000210853325774
9,9179,3.1000210853325774
9,9661,3.1000210853325774
9,8002,3.081945724085413
9,5793,3.0785697212485683
9,5968,3.0712382859828407
9,8957,3.0712382859828407
9,8573,3.0693305012824306
9,5505,3.0627790041260243
9,6915,3.0608712194256142
9,7170,3.0608712194256142
9,6683,3.0420140607497674
9,9589,3.0420140607497674
9,9662,3.0330241437068834
9,6115,3.0306518376385294
9,8458,3.0306518376385294
9,9391,3.016031747972375
9,7448,3.0128676397128005
9,7598,3.0012599242815017
9,6123,2.9881509575707126
9,7354,2.9881509575707126
9,9616,2.9881509575707126
9,6114,2.9826482579257156
9,5350,2.9680281682595613
9,6423,2.9662700316852657
9,9154,2.9662700316852657
9,8184,2.959267559502838
9,5370,2.9560237910832177
9,8554,2.9560237910832177
9,7610,2.954116006382807
9,9706,2.9413696898052666
9,6563,2.9258044092961333
9,7533,2.9238966245957227
9,8185,2.9238966245957227
9,8440,2.9238966245957227
9,6378,2.904996444160804
9,5565,2.8783719773183054
9,9760,2.865625660740765
9,8377,2.8595148186424586
9,5567,2.855121722523444
9,5900,2.8505249015995746
9,5126,2.8481525955312206
9,6117,2.8481525955312206
9,7482,2.8481525955312206
9,9665,2.8481525955312206
9,9944,2.8481525955312206
10,5610,9.121669044026138
10,7346,8.647635320012546
10,6387,8.163520066056593
10,5053,8.036510603615225
10,6247,7.830843636982588
10,6039,7.462928602816132
10,6533,7.281937562568493
10,7306,7.07634890511665
10,6049,6.709103487844932
10,6892,5.358798420793183
10,8866,4.990118126596051
10,6632,4.655656873145097
10,8839,4.294686553582142
10,8840,4.267928059000133
10,9284,3.927099139728759
10,7079,3.917531682484462
10,8850,3.84043772168954
10,8628,3.7719050580580227
10,8533,3.6989700043360187
10,7499,3.695423311233887
10,5175,3.610876662593145
10,7181,3.610876662593145
10,8127,3.610876662593145
10,8362,3.574953090458486
10,5413,3.569896808289701
10,7009,3.569896808289701
10,5716,3.5163615506529116
10,5257,3.3793643252047865
10,5354,3.3793643252047865
10,7715,3.3793643252047865
10,6375,3.2855107907837002
10,9615,3.2855107907837002
10,5730,3.2750608882825007
10,6825,3.2750608882825007
10,9053,3.182253290224831
10,8566,3.040761716025546
10,6846,3.0053502412587823
10,9260,3.0053502412587823
10,8520,2.960144918974256
10,9334,2.960144918974256
10,5445,2.7710510690018273
10,8829,2.7710510690018273
10,6828,2.729294159105044
10,8044,2.729294159105044
10,8535,2.729294159105044
10,6993,2.7235101095810683
10,6601,2.6813330744943538
10,9181,2.6813330744943538
10,9048,2.626036658546175
10,9320,2.626036658546175
10,9685,2.626036658546175
10,5239,2.5442768447740285
10,6248,2.5442768447740285
10,7640,2.5442768447740285
10,8326,2.5442768447740285
10,9341,2.5442768447740285
10,5489,2.42021640338319
10,6671,2.42021640338319
10,6998,2.42021640338319
10,7180,2.4039282872956
10,9040,2.4039282872956
10,9184,2.4039282872956
10,9464,2.4039282872956
10,9894,2.4039282872956
10,9939,2.4039282872956
10,5014,2.309977672517074
10,5360,2.309977672517074
10,5950,2.309977672517074
10,6042,2.309977672517074
10,6383,2.309977672517074
10,6912,2.309977672517074
10,6981,2.309977672517074
10,7046,2.309977672517074
10,7401,2.309977672517074
10,7481,2.309977672517074
10,7483,2.309977672517074
10,8021,2.309977672517074
10,9090,2.309977672517074
10,9896,2.309977672517074
10,6327,2.2624367130963146
10,8256,2.2624367130963146
10,6446,1.9927260660725963
10,6529,1.9927260660725963
10,6608,1.9927260660725963
10,7051,1.9927260660725963
10,7433,1.9927260660725963
10,7479,1.9927260660725963
10,7808,1.9927260660725963
10,9239,1.9927260660725963
10,9427,1.9927260660725963
10,9518,1.9927260660725963
10,5243,1.8477116556169435
10,5245,1.8477116556169435
10,5394,1.8477116556169435
10,5404,1.8477116556169435
10,5478,1.8477116556169435
10,5948,1.8477116556169435
10,6185,1.8477116556169435
10,6254,1.8477116556169435
10,6458,1.8477116556169435
10,6878,1.8477116556169435
10,7302,1.8477116556169435
10,7498,1.8477116556169435
10,7565,1.8477116556169435
10,7566,1.8477116556169435
10,7680,1.8477116556169435
10,7860,1.8477116556169435
10,7903,1.8477116556169435
10,8306,1.8477116556169435
10,8525,1.8477116556169435
10,8630,1.8477116556169435
10,8844,1.8477116556169435
10,9057,1.8477116556169435
10,9122,1.8477116556169435
10,9189,1.8477116556169435
10,9253,1.8477116556169435
10,9609,1.8477116556169435
10,9691,1.8477116556169435
10,9827,1.8477116556169435
10,9841,1.8477116556169435
10,9879,1.8477116556169435
10,9938,1.8477116556169435
10,5129,1.6182787494204205
10,8652,1.6182787494204205
10,7289,1.5566500058584625
10,5021,1.5316526695878427
10,5031,1.5316526695878427
10,5032,1.5316526695878427
10,5187,1.5316526695878427
10,5238,1.5316526695878427
10,5296,1.5316526695878427
10,5331,1.5316526695878427
10,5367,1.5316526695878427
10,5397,1.5316526695878427
10,5485,1.5316526695878427
10,5491,1.5316526695878427
10,5493,1.5316526695878427
10,5533,1.5316526695878427
10,5535,1.5316526695878427
10,5536,1.5316526695878427
10,5588,1.5316526695878427
10,5717,1.5316526695878427
10,5718,1.5316526695878427
10,5776,1.5316526695878427
10,5825,1.5316526695878427
10,5936,1.5316526695878427
10,5940,1.5316526695878427
10,5941,1.5316526695878427
10,6045,1.5316526695878427
10,6166,1.5316526695878427
